LINESTRING(1471666.444 7148094.157,2688834.18 8387392.215)
LINESTRING(1471666.444 7148094.157,2688834.18 8387392.215)
LINESTRING(1471666.444 7148094.157,2688834.18 8387392.215)
LINESTRING(1471666.444 7148094.157,2688834.18 8387392.215)
LINESTRING(1471666.444 7148094.157,2688834.18 8387392.215)
LINESTRING(1471666.444 7148094.157,2688834.18 8387392.215)
LINESTRING(1471666.444 7148094.157,2688834.18 8387392.215)
LINESTRING(1471666.444 7148094.157,2688834.18 8387392.215)
LINESTRING(1471666.444 7148094.157,2688834.18 8387392.215)
LINESTRING(1471666.444 7148094.157,2688834.18 8387392.215)
LINESTRING(1471666.444 7148094.157,2688834.18 8387392.215)
LINESTRING(1471666.444 7148094.157,2688834.18 8387392.215)
LINESTRING(1471666.444 7148094.157,2688834.18 8387392.215)
LINESTRING(1471666.444 7148094.157,2688834.18 8387392.215)
LINESTRING(1471666.444 7148094.157,2688834.18 8387392.215)
LINESTRING(1471666.444 7148094.157,2688834.18 8387392.215)
LINESTRING(1471666.444 7148094.157,2688834.18 8387392.215)
LINESTRING(1471666.444 7148094.157,2688834.18 8387392.215)
LINESTRING(1471666.444 7148094.157,2688834.18 8387392.215)
LINESTRING(1471666.444 7148094.157,2688834.18 8387392.215)
LINESTRING(1471666.444 7148094.157,2688834.18 8387392.215)
LINESTRING(1471666.444 7148094.157,2688834.18 8387392.215)
LINESTRING(1471666.444 7148094.157,2688834.18 8387392.215)
LINESTRING(1471666.444 7148094.157,2688834.18 8387392.215)
LINESTRING(1471666.444 7148094.157,2688834.18 8387392.215)
LINESTRING(1471666.444 7148094.157,2688834.18 8387392.215)
LINESTRING(1471666.444 7148094.157,2688834.18 8387392.215)
LINESTRING(1471666.444 7148094.157,2688834.18 8387392.215)
LINESTRING(1471666.444 7148094.157,2688834.18 8387392.215)
LINESTRING(1471666.444 7148094.157,2688834.18 8387392.215)
LINESTRING(1471666.444 7148094.157,2688834.18 8387392.215)
MULTILINESTRING((-104.360220994475 33.2552486187845,-24.7226519337017 71.3237569060773))
MULTILINESTRING((8.97016574585635 56.8839779005525,32.1613259668508 36.7558011049724,28.660773480663 7.43867403314917,22.9723756906077 -29.3171270718232,-1.0939226519337 -35.4430939226519,-29.0983425414365 -48.1325966850829))
MULTILINESTRING((46.6011049723757 94.9524861878453,80.2939226519337 92.7646408839779,88.6077348066298 43.3193370165746,114.861878453039 31.5049723756906))
MULTILINESTRING((-14.6585635359116 -80.5127071823204,38.724861878453 -68.6983425414365,78.5436464088398 -98.0154696132597))
MULTILINESTRING((-106.35747883349 83.7780096983935,-61.653809971778 24.5456484566249,-42.6547507055503 86.7582542891743))
MULTILINESTRING((-16.2050799623707 -17.550306388154,8.75446848541863 -87.2135236976554))
MULTILINESTRING((58.3010348071496 102.032007816926,94.4365004703669 65.8965421537086,73.5747883349012 40.1919325582242,123.121354656632 39.446871410529))
MULTILINESTRING((9.12699905926623 83.7780096983935,10.244590780809 22.6829955873869))
