1544 2314 001
489 525 2 525 27 525 306 525 
1 302 28 302 187 302 
1346 337 4 337 648 337 1175 337 
1427 367 371 367 3 367 250 367 
210 543 685 543 6 543 
213 255 1134 255 644 255 5 255 
334 3465 364 3465 8 3465 431 3465 
946 872 285 872 431 872 7 872 
10 518 1348 518 236 518 
275 425 9 425 1473 425 299 425 
232 574 1248 574 12 574 401 574 
11 624 
608 746 14 746 
251 244 13 244 264 244 
521 834 16 834 921 834 194 834 
714 282 15 282 827 282 
256 1802 294 1802 794 1802 18 1802 
575 2007 17 2007 734 2007 
1334 303 1492 303 227 303 20 303 
67 1049 355 1049 19 1049 
1203 455 300 455 1139 455 22 455 
21 122 
24 530 47 530 274 530 404 530 
23 530 744 530 1083 530 
1066 927 26 927 563 927 
599 576 621 576 25 576 914 576 
1 569 28 569 272 569 
102 313 2 313 27 313 254 313 
470 1251 226 1251 1272 1251 30 1251 
633 350 566 350 29 350 
870 341 32 341 316 341 122 341 
31 394 123 394 781 394 315 394 
1374 556 34 556 205 556 1205 556 
33 308 1107 308 890 308 206 308 
1392 675 77 675 905 675 36 675 
272 396 269 396 35 396 
1416 829 751 829 1087 829 38 829 
669 845 155 845 170 845 37 845 
367 787 40 787 1303 787 
1184 809 39 809 877 809 
487 420 42 420 1072 420 323 420 
41 824 506 824 1444 824 
1437 206 1190 206 44 206 590 206 
1055 200 43 200 1378 200 590 200 
46 524 1251 524 381 524 
1192 1090 45 1090 454 1090 
48 727 23 727 744 727 178 727 
47 727 235 727 1020 727 463 727 
50 486 
49 486 636 486 1462 486 61 486 
52 26 294 26 1050 26 
136 516 51 516 726 516 
416 122 708 122 54 122 867 122 
395 424 53 424 655 424 
56 123 
55 123 1047 123 718 123 253 123 
1523 368 981 368 58 368 
528 413 328 413 57 413 
60 184 919 184 257 184 
59 184 248 184 276 184 
62 985 390 985 50 985 1329 985 
61 985 1148 985 1003 985 391 985 
830 1156 187 1156 64 1156 1018 1156 
544 816 63 816 835 816 579 816 
1179 296 682 296 66 296 774 296 
358 901 65 901 974 901 
20 1049 453 1049 68 1049 
67 47 227 47 257 47 
1314 2629 70 2629 841 2629 757 2629 
69 1512 314 1512 1130 1512 
1203 668 1307 668 72 668 300 668 
71 861 
717 710 189 710 74 710 1009 710 
1183 279 383 279 73 279 
76 649 723 649 1251 649 
75 649 454 649 
35 400 489 400 272 400 
79 505 903 505 962 505 229 505 
78 505 667 505 1480 505 
359 1374 81 1374 1400 1374 154 1374 
117 372 360 372 80 372 927 372 
637 905 83 905 244 905 245 905 
998 2111 397 2111 82 2111 274 2111 
793 894 85 894 598 894 
956 151 1509 151 84 151 
620 658 87 658 839 658 
1000 296 86 296 324 296 
736 3094 332 3094 89 3094 
313 2820 906 2820 88 2820 
91 715 
1298 191 276 191 90 191 
520 1014 669 1014 93 1014 
673 1015 420 1015 170 1015 92 1015 
95 528 936 528 297 528 1171 528 
1453 760 94 760 872 760 
97 915 
1012 54 96 54 1180 54 
99 838 1254 838 289 838 
1034 159 98 159 110 159 446 159 
279 326 323 326 101 326 901 326 
1058 1170 100 1170 695 1170 896 1170 
472 298 28 298 272 298 
1171 386 104 386 242 386 105 386 
1184 645 1193 645 103 645 
1184 1469 1303 1469 103 1469 
107 443 
690 255 581 255 986 255 106 255 
504 1484 806 1484 435 1484 109 1484 
887 431 657 431 505 431 108 431 
196 826 99 826 709 826 
999 955 112 955 731 955 561 955 
1276 996 1139 996 111 996 924 996 
600 344 114 344 609 344 
113 688 1278 688 760 688 
151 123 116 123 
115 997 230 997 152 997 
913 1369 81 1369 1321 1369 
880 924 935 924 119 924 
991 782 281 782 118 782 
1300 386 1242 386 121 386 
780 1736 954 1736 120 1736 1267 1736 
779 329 123 329 233 329 31 329 
342 292 32 292 122 292 1513 292 
645 722 1170 722 125 722 
124 450 1135 450 221 450 220 450 
691 592 750 592 127 592 
126 938 
233 74 728 74 129 74 1071 74 
896 1235 128 1235 323 1235 975 1235 
897 1555 131 1555 596 1555 945 1555 
1125 861 130 861 565 861 
457 145 133 145 279 145 
224 594 132 594 696 594 
516 525 135 525 
859 879 415 879 134 879 639 879 1536 879 
52 516 256 516 137 516 
910 275 1349 275 136 275 
1111 1014 721 1014 139 1014 
754 387 550 387 138 387 547 387 
334 950 141 950 226 950 449 950 
140 1623 1124 1623 847 1623 
634 453 143 453 330 453 
878 717 749 717 142 717 
1222 831 340 831 145 831 
774 732 737 732 144 732 
1473 906 400 906 1038 906 147 906 
484 317 419 317 146 317 1039 317 
462 615 1158 615 149 615 
673 315 912 315 148 315 
730 318 151 318 306 318 
230 931 115 931 150 931 
929 107 763 107 116 107 1356 107 
154 372 1477 372 1162 372 909 372 
153 372 927 372 80 372 
38 498 1399 498 156 498 751 498 
170 500 1378 500 155 500 
158 492 1323 492 1210 492 
157 492 1080 492 1261 492 979 492 
1015 255 160 255 471 255 498 255 
1138 265 562 265 159 265 762 265 
1281 350 162 350 474 350 1515 350 
473 745 161 745 
164 41 1240 41 301 41 
163 41 1324 41 172 41 
934 144 166 144 167 144 467 144 
1062 468 1494 468 165 468 
525 756 1063 756 165 756 899 756 
808 436 860 436 1157 436 169 436 
1426 535 1147 535 168 535 
93 844 38 844 171 844 156 844 
698 961 420 961 170 961 
1060 781 992 781 173 781 164 781 
1447 985 1411 985 172 985 
552 1536 175 1536 842 1536 
1311 1888 1001 1888 174 1888 
378 942 177 942 695 942 
176 2246 317 2246 1012 2246 344 2246 
1020 811 47 811 404 811 548 811 
290 291 886 291 180 291 297 291 
574 481 844 481 179 481 
1450 111 559 111 182 111 
426 3204 559 3204 911 3204 181 3204 
747 579 184 579 632 579 246 579 
776 112 775 112 183 112 1404 112 
836 1022 186 1022 219 1022 280 1022 
227 470 185 470 203 470 1334 470 
63 77 255 77 188 77 2 77 
830 89 306 89 187 89 230 89 
1329 111 1116 111 1003 111 73 111 1262 111 
539 1229 865 1229 191 1229 1117 1229 
538 373 798 373 190 373 
762 370 193 370 586 370 562 370 
498 328 935 328 192 328 
1133 234 195 234 198 234 15 234 
714 353 1155 353 194 353 
110 826 446 826 1502 826 1009 826 
921 504 920 504 198 504 1034 504 
1132 212 194 212 197 212 921 212 
568 320 1005 320 837 320 200 320 
838 491 584 491 1006 491 199 491 
775 7 889 7 202 7 
808 431 201 431 1022 431 
204 544 186 544 335 544 
257 263 203 263 227 263 542 263 
577 337 509 337 206 337 33 337 
1256 221 205 221 34 221 444 221 
518 730 275 730 208 730 
399 298 519 298 1473 298 207 298 
1030 19 740 19 210 19 900 19 
5 543 739 543 1067 543 209 543 
471 831 531 831 212 831 
211 853 
993 380 6 380 214 380 
725 35 213 35 502 35 
967 795 883 795 216 795 
1186 1086 215 1086 996 1086 
584 454 218 454 1006 454 
870 366 668 366 1403 366 217 366 
185 858 
509 330 125 330 577 330 
577 452 366 452 1205 452 125 452 
925 1064 734 1064 223 1064 
851 2983 222 2983 910 2983 256 2983 
378 1131 133 1131 696 1131 225 1131 
224 250 
809 1141 140 1141 29 1141 
186 470 19 470 68 470 204 470 
1414 27 903 27 1412 27 229 27 
228 1379 78 1379 1389 1379 
151 931 691 931 116 931 188 931 
1115 611 1248 611 232 611 716 611 
303 706 262 706 11 706 231 706 
128 74 1037 74 122 74 727 74 
235 504 357 504 1020 504 
464 577 48 577 234 577 260 577 
237 2876 851 2876 1208 2876 9 2876 
236 2876 
239 19 1259 19 815 19 465 19 
903 1002 238 1002 479 1002 962 1002 
241 749 309 749 380 749 
240 749 960 749 614 749 350 749 
574 306 1449 306 243 306 103 306 
1193 510 242 510 535 510 
513 597 397 597 1361 597 82 597 
637 638 82 638 512 638 445 638 
823 244 247 244 183 244 
392 421 632 421 788 421 246 421 
60 815 543 815 947 815 1217 815 
648 223 965 223 250 223 629 223 
630 556 249 556 4 556 
14 244 252 244 1379 244 
251 436 1246 436 
56 412 
255 226 472 226 28 226 
254 226 1018 226 187 226 1054 226 
136 1015 17 1015 223 1015 
204 263 543 263 68 263 59 263 
393 321 1021 321 259 321 819 321 
860 436 1022 436 258 436 808 436 
1443 1083 261 1083 235 1083 
1446 1844 918 1844 260 1844 
302 718 232 718 1115 718 329 718 
264 894 
263 894 503 894 14 894 
723 1510 932 1510 266 1510 
370 50 955 50 265 50 
651 450 1042 450 268 450 
267 482 1187 482 1451 482 
1299 286 588 286 36 286 
1305 482 271 482 394 482 
590 538 270 538 
77 568 36 568 27 568 102 568 
550 469 404 469 274 469 
23 2088 547 2088 273 2088 83 2088 
10 425 1447 425 671 425 207 425 
947 818 91 818 60 818 
565 701 278 701 1265 701 1238 701 
814 362 897 362 277 362 
100 326 132 326 1043 326 1390 326 
935 462 281 462 185 462 
836 823 280 823 119 823 
711 292 283 292 844 292 
438 391 282 391 1449 391 
1187 1414 661 1414 285 1414 
694 152 8 152 284 152 
287 898 
788 349 599 349 286 349 
709 414 289 414 341 414 
296 127 98 127 1077 127 288 127 
179 291 1459 291 291 291 
297 293 1380 293 936 293 290 293 
865 1349 293 1349 386 1349 
1122 1486 292 1486 
51 166 17 166 795 166 
296 1289 
289 127 295 127 724 127 
291 293 94 293 574 293 179 293 
299 2143 
1447 441 298 441 10 441 
21 743 1032 743 1465 743 71 743 
842 362 163 362 1324 362 
262 718 365 718 303 718 725 718 
232 706 337 706 302 706 387 706 
476 347 813 347 305 347 
304 911 
188 770 1 770 150 770 
1320 475 759 475 308 475 587 475 
307 588 
1123 1017 1243 1017 240 1017 310 1017 
375 577 380 577 1109 577 309 577 
312 438 
1327 249 1257 249 311 249 
580 297 89 297 314 297 
486 235 70 235 313 235 
316 388 769 388 32 388 
870 341 31 341 569 341 315 341 
1292 536 318 536 177 536 
1342 551 317 551 875 551 344 551 
320 1347 
866 1157 1367 1157 946 1157 319 1157 
796 791 579 791 322 791 835 791 
510 640 347 640 321 640 753 640 
100 630 1043 630 41 630 129 630 
452 293 1112 293 325 293 87 293 
1075 588 643 588 324 588 
327 761 885 761 327 761 
326 761 750 761 326 761 402 761 
329 669 1115 669 501 669 58 669 
328 669 1352 669 262 669 502 669 
748 644 515 644 876 644 142 644 
332 673 1210 673 379 673 
88 1207 331 1207 1261 1207 
449 938 1287 938 1363 938 334 938 
7 3465 1088 3465 140 3465 333 3465 
488 761 336 761 203 761 787 761 
335 577 542 577 422 577 
303 621 923 621 
809 652 799 652 1124 652 339 652 
338 881 
1092 231 1226 231 1169 231 144 231 
525 580 288 580 1074 580 
123 292 1037 292 343 292 782 292 
377 642 1331 642 975 642 342 642 
909 1769 177 1769 318 1769 
1288 1287 1508 1287 346 1287 
878 68 1266 68 345 68 
322 880 796 880 348 880 
363 548 797 548 532 548 347 548 
1046 24 350 24 960 24 815 24 
349 759 824 759 241 759 451 759 
352 280 353 280 865 280 1424 280 
351 280 
351 189 1122 189 693 189 
453 568 355 568 356 568 
354 948 20 948 660 948 
470 61 354 61 1082 61 
549 205 358 205 234 205 1179 205 
1370 442 917 442 66 442 357 442 
80 1374 360 1374 1066 1374 
359 323 81 323 913 323 
1290 429 642 429 362 429 
361 375 1281 375 474 375 441 375 
364 932 348 932 713 932 533 932 
363 932 1269 932 765 932 7 932 
366 95 302 95 
387 597 221 597 1135 597 365 597 
39 787 665 787 1450 787 911 787 
887 340 981 340 1189 340 369 340 
368 841 528 841 1485 841 
266 50 1297 50 928 50 
372 552 1346 552 4 552 
371 552 1119 552 1500 552 1029 552 
1253 512 374 512 869 512 491 512 
1277 381 480 381 980 381 373 381 
310 577 1432 577 732 577 1141 577 
1331 307 675 307 377 307 
343 642 376 642 1495 642 
379 790 224 790 176 790 
898 1924 378 1924 331 1924 
310 341 614 341 1141 341 240 341 
45 805 670 805 439 805 
1121 974 555 974 383 974 
556 795 74 795 717 795 382 795 
1421 609 792 609 385 609 
384 1033 
902 953 987 953 292 953 
366 597 303 597 1507 597 
389 806 517 806 976 806 
388 806 1213 806 976 806 
391 977 613 977 61 977 
1472 658 390 658 1066 658 62 658 
393 933 674 933 247 933 1194 933 
818 430 258 430 392 430 622 430 
602 1132 1190 1132 968 1132 270 1132 
54 424 867 424 1126 424 396 424 
1126 383 624 383 546 383 395 383 
244 695 459 695 83 695 398 695 
1361 700 787 700 460 700 397 700 
208 298 400 298 
146 447 419 447 1393 447 399 447 
11 692 
752 916 327 916 
550 2004 548 2004 1338 2004 404 2004 
23 575 273 575 178 575 403 575 
1524 1098 1144 1098 733 1098 406 1098 
1243 849 465 849 764 849 405 849 
1533 1134 988 1134 408 1134 
415 997 1315 997 407 997 
410 882 813 882 473 882 
409 882 
1336 909 1038 909 496 909 412 909 
583 438 643 438 411 438 
585 367 414 367 1017 367 
1426 396 413 396 1128 396 1147 396 
416 1246 408 1246 135 1246 
53 122 415 122 908 122 
1108 980 1432 980 1109 980 418 980 1430 980 
1500 1028 701 1028 417 1028 1108 1028 
1488 534 492 534 147 534 400 534 
93 141 171 141 507 141 810 141 
422 360 
421 360 543 360 336 360 1217 360 
424 1334 1152 1334 
423 1334 1161 1334 433 1334 
426 3017 1051 3017 
425 3017 1268 3017 1130 3017 182 3017 
1393 240 1290 240 519 240 428 240 
1488 240 427 240 445 240 
573 458 1239 458 430 458 
429 1142 
594 969 8 969 7 969 
1121 569 722 569 433 569 
555 558 424 558 432 558 
435 153 667 153 852 153 
434 153 869 153 108 153 
1452 784 437 784 1099 784 1221 784 
1469 1175 436 1175 1101 1175 
283 391 535 391 439 391 
1192 412 438 412 381 412 
591 417 474 417 441 417 
805 1004 1291 1004 362 1004 440 1004 
643 565 1306 565 443 565 
754 69 493 69 483 69 442 69 
933 211 509 211 206 211 
1402 304 245 304 428 304 
196 280 920 280 99 280 
1474 928 597 928 448 928 450 928 
447 497 
333 938 1287 938 140 938 
1248 507 716 507 447 507 
614 19 1067 19 739 19 350 19 
324 293 741 293 
1082 1014 354 1014 67 1014 
800 575 76 575 46 575 
456 571 1429 571 1251 571 
1049 542 455 542 723 542 
132 145 1043 145 487 145 458 145 
898 314 506 314 457 314 
553 349 397 349 460 349 
398 928 602 928 459 928 
462 319 520 319 712 319 
461 319 1161 319 148 319 
464 260 744 260 48 260 1223 260 
463 260 235 260 1463 260 
960 957 406 957 1159 957 238 957 
530 75 467 75 517 75 
466 622 1062 622 165 622 
994 911 972 911 1458 911 469 911 
1318 951 973 951 468 951 1529 951 
29 1251 356 1251 768 1251 
514 1867 211 1867 1313 1867 159 1867 
102 298 254 298 588 298 
162 745 591 745 475 745 409 745 
440 455 362 455 161 455 
1431 828 970 828 473 828 476 828 
304 347 678 347 475 347 
1308 1704 478 1704 840 1704 
477 769 840 769 996 769 
1046 339 815 339 239 339 480 339 
374 566 845 566 490 566 479 566 
1012 517 1118 517 482 517 1241 517 
481 560 
443 659 484 659 1039 659 
147 317 492 317 1501 317 483 317 
904 220 1314 220 486 220 
314 235 580 235 485 235 
41 420 506 420 457 420 
335 761 759 761 786 761 
1 525 77 525 729 525 698 525 
962 381 1480 381 491 381 480 381 
490 54 373 54 
493 710 484 710 419 710 
772 589 492 589 443 589 773 589 
495 418 1235 418 1293 418 560 418 
494 418 1014 418 1174 418 1274 418 
497 1258 411 1258 1079 1258 1218 1258 
1384 23 496 23 1079 23 
193 328 762 328 880 328 159 328 
893 752 500 752 
1228 632 499 632 703 632 785 632 
1422 1182 502 1182 328 1182 
993 1244 501 1244 329 1244 214 1244 
777 272 849 272 264 272 
108 1484 1345 1484 505 1484 
504 576 109 576 524 576 
487 813 42 813 458 813 
811 954 508 954 420 954 673 954 
507 214 1452 214 1221 214 
444 331 1511 331 220 331 205 331 
322 640 511 640 753 640 
750 925 510 925 942 925 710 925 
1402 1001 513 1001 245 1001 
512 294 244 294 805 294 804 294 
515 125 876 125 471 125 846 125 
514 125 1353 125 330 125 
134 525 1106 525 638 525 1105 525 
1154 80 466 80 388 80 738 80 
207 730 951 730 519 730 672 730 
952 530 208 530 518 530 427 530 
92 1014 673 1014 461 1014 
15 834 827 834 922 834 1048 834 
1344 1589 757 1589 784 1589 523 1589 
1047 484 1314 484 522 484 
1397 775 862 775 505 775 
341 580 167 580 997 580 1107 580 
1068 1039 527 1039 
526 836 712 836 
58 413 369 413 981 413 715 413 
1220 147 530 147 631 147 1319 147 
466 75 934 75 1154 75 529 75 
634 48 211 48 938 48 
942 314 348 314 533 314 
1049 368 363 368 532 368 
535 438 
1192 508 534 508 438 508 243 508 
1268 621 911 621 537 621 1386 621 
626 1242 536 1242 1130 1242 
191 373 539 373 628 373 
190 1229 538 1229 
661 472 662 472 541 472 694 472 
1489 19 1117 19 540 19 
543 302 204 302 336 302 
542 302 248 302 257 302 422 302 
64 816 1018 816 545 816 
1250 878 1391 878 544 878 
623 224 867 224 396 224 
274 775 139 775 773 775 
403 873 549 873 178 873 
1020 469 357 469 683 469 548 469 
273 469 403 469 139 469 721 469 
992 601 564 601 552 601 
174 1536 1311 1536 551 1536 1086 1536 
459 349 758 349 554 349 
553 310 848 310 961 310 
382 811 556 811 433 811 
383 795 555 795 613 795 
740 492 1482 492 558 492 
990 508 1170 508 557 508 1232 508 
871 794 182 794 181 794 560 794 
1333 76 1014 76 559 76 494 76 
1027 203 605 203 111 203 
160 456 1320 456 192 456 
598 267 25 267 613 267 
842 37 1324 37 551 37 
1084 365 277 365 131 365 
1391 486 1250 486 30 486 
837 320 1455 320 568 320 1543 320 
199 320 595 320 1214 320 567 320 
316 433 668 433 570 433 
1332 437 569 437 802 437 769 437 
1059 287 695 287 572 287 
803 1340 571 1340 714 1340 
660 228 429 228 1272 228 
242 306 180 306 1171 306 297 306 
18 2007 576 2007 850 2007 
575 1693 1208 1693 1240 1693 
221 452 205 452 220 452 
1391 572 579 572 633 572 1339 572 
578 601 64 601 321 601 1102 601 
486 807 582 807 313 807 
1199 439 107 439 801 439 
580 1097 756 1097 1045 1097 
1166 326 412 326 1075 326 
801 490 217 490 668 490 200 490 
413 367 1279 367 1127 367 
587 169 192 169 1320 169 
586 169 935 169 307 169 
269 452 472 452 1054 452 
1467 344 1463 344 1446 344 590 344 
271 538 589 538 43 538 44 538 
592 1022 473 1022 440 1022 971 1022 
1138 577 591 577 813 577 
594 2736 
431 969 593 969 
568 302 949 302 1234 302 
923 1357 597 1357 1248 1357 130 1357 
943 456 596 456 447 456 868 456 
563 267 599 267 84 267 
26 576 598 576 674 576 287 576 
113 344 964 344 601 344 
721 363 1185 363 600 363 
460 675 394 675 848 675 
604 751 1182 751 1163 751 
603 751 682 751 1007 751 
561 382 606 382 939 382 
605 701 1336 701 1027 701 
748 1655 608 1655 1353 1655 
1493 1741 607 1741 13 1741 
610 1336 113 1336 
1212 203 609 203 760 203 1029 203 
909 519 612 519 1191 519 
826 1404 611 1404 1118 1404 
1183 518 390 518 563 518 556 518 
451 19 380 19 646 19 241 19 
616 3402 1011 3402 1086 3402 970 3402 
615 3402 1264 3402 1508 3402 
618 680 956 680 1100 680 1471 680 
617 680 861 680 1101 680 822 680 
839 554 620 554 940 554 1002 554 
86 658 1257 658 619 658 1327 658 
674 500 26 500 622 500 
393 367 1417 367 621 367 
908 115 546 115 624 115 629 115 
623 336 1073 336 396 336 
1388 1374 1202 1374 626 1374 780 1374 
625 45 1230 45 537 45 
628 359 
798 383 627 383 538 383 
630 502 623 502 249 502 
1123 1731 250 1731 629 1731 785 1731 
677 143 529 143 1233 143 933 143 
247 331 977 331 183 331 
30 350 578 350 1236 350 
876 1229 531 1229 142 1229 
636 470 1454 470 1462 470 1326 470 
635 470 50 470 1456 470 1457 470 
772 27 1488 27 82 27 245 27 
1276 956 639 956 516 956 
638 633 708 633 135 633 
995 399 1096 399 950 399 641 399 
640 1016 642 1016 952 1016 1290 1016 
361 865 641 865 1281 865 995 865 
442 565 325 565 412 565 1111 565 
645 190 6 190 725 190 
124 722 644 722 1135 722 1134 722 
1273 178 614 178 652 178 1067 178 
648 521 
249 223 647 223 1073 223 3 223 
846 422 650 422 1136 422 880 422 
915 113 1010 113 649 113 
267 450 866 450 1367 450 
1141 800 646 800 1142 800 
915 494 1089 494 654 494 
1285 1932 653 1932 777 1932 
656 373 888 373 54 373 
1204 434 655 434 1520 434 1496 434 
658 1922 109 1922 1397 1922 1485 1922 
868 1214 657 1214 1442 1214 
660 461 1334 461 
659 461 573 461 355 461 1272 461 
540 472 662 472 284 472 
540 680 661 680 857 680 
664 1076 792 1076 1296 1076 
663 1076 873 1076 1358 1076 
367 756 666 756 1303 756 
1377 1293 1157 1293 665 1293 872 1293 
1345 1998 1253 1998 434 1998 79 1998 
218 452 584 452 569 452 802 452 
38 845 92 845 1087 845 
953 273 381 273 1251 273 
275 425 926 425 672 425 
950 532 518 532 671 532 
93 1015 520 1015 149 1015 507 1015 
621 500 392 500 599 500 
676 329 945 329 376 329 
675 329 1331 329 769 329 1332 329 
1219 523 631 523 1220 523 
679 980 937 980 476 980 
1312 395 678 395 813 395 
681 1155 1376 1155 1097 1155 1041 1155 
680 1155 
683 302 65 302 604 302 895 302 
682 302 1338 302 549 302 1179 302 
1422 526 685 526 1277 526 824 526 
993 526 684 526 739 526 5 526 
687 491 
686 491 892 491 1116 491 1048 491 
1080 317 884 317 1180 317 689 317 
1081 322 688 322 1070 322 
107 255 944 255 1199 255 
230 93 126 93 830 93 1356 93 
1489 398 857 398 693 398 
1424 1047 692 1047 353 1047 
285 152 705 152 540 152 
696 651 101 651 571 651 176 651 
695 651 224 651 133 651 
1057 767 698 767 1392 767 
171 961 697 961 810 961 489 961 
700 766 784 766 1321 766 927 766 
699 766 1047 766 718 766 
702 32 1007 32 418 32 
701 32 1226 32 1108 32 
1315 1096 907 1096 500 1096 
705 1063 
704 1063 694 1063 
1108 365 1432 365 707 365 
1258 1087 706 1087 732 1087 
1204 1162 639 1162 53 1162 1276 1162 
1065 183 1009 183 288 183 110 183 
711 713 1318 713 511 713 
282 292 710 292 
461 324 527 324 1087 324 
1269 952 363 952 797 952 1295 952 
16 282 195 282 572 282 
1263 941 716 941 528 941 
715 574 450 574 231 574 
1024 410 73 410 1121 410 383 410 
927 764 700 764 56 764 
985 1148 720 1148 1089 1148 1285 1148 
719 973 
601 363 894 363 138 363 550 363 
984 1016 432 1016 1252 1016 
265 1510 75 1510 456 1510 765 1510 
855 949 890 949 296 949 
214 35 644 35 302 35 1135 35 
1027 1129 52 1129 1349 1129 
728 132 1543 132 233 132 
128 1510 1375 1510 727 1510 
730 191 489 191 
150 318 729 318 948 318 
1050 2198 1105 2198 111 2198 
707 425 959 425 375 425 
1228 1092 1243 1092 405 1092 1123 1092 
735 869 222 869 18 869 
734 869 
1110 520 88 520 1375 520 
145 875 738 875 874 875 1169 875 
1200 181 737 181 517 181 1120 181 
210 626 824 626 451 626 685 626 
557 492 209 492 990 492 1031 492 
452 224 1075 224 1257 224 
743 126 1335 126 856 126 1078 126 
1366 586 742 586 896 586 1209 586 
47 543 24 543 1387 543 463 543 
1408 222 1004 222 1343 222 746 222 
864 843 828 843 745 843 
853 562 183 562 1282 562 
330 644 607 644 749 644 
143 2433 748 2433 
327 136 511 136 126 136 1318 136 
1423 178 37 178 155 178 
753 310 402 310 885 310 
752 310 510 310 322 310 
443 69 139 69 1111 69 773 69 
826 240 1162 240 756 240 
582 122 755 122 904 122 
1293 742 1235 742 522 742 69 742 
553 926 
1138 1533 307 1533 488 1533 971 1533 
1119 1009 761 1009 610 1009 114 1009 
760 906 1237 906 1185 906 
498 281 192 281 160 281 
152 680 
1159 481 406 481 1144 481 
364 1232 766 1232 1049 1232 723 1232 
932 2212 789 2212 765 2212 
1018 1276 1082 1276 768 1276 
767 802 1250 802 470 802 
781 265 676 265 315 265 570 265 
771 169 
1300 332 1530 332 770 332 877 332 
637 27 493 27 773 27 
493 68 754 68 547 68 772 68 
1092 1072 145 1072 65 1072 
201 7 776 7 184 7 
775 462 184 462 854 462 936 462 
503 272 778 272 654 272 
930 315 777 315 1379 315 
122 329 870 329 
121 1736 625 1736 1019 1736 
769 265 782 265 32 265 
781 114 1331 114 342 114 
1321 991 784 991 1127 991 1140 991 
783 1111 1344 1111 699 1111 522 1111 
1150 977 500 977 630 977 
1478 238 787 238 488 238 971 238 
398 884 786 884 335 884 
247 1057 1471 1057 287 1057 
987 1239 766 1239 790 1239 
789 215 
1436 1038 792 1038 902 1038 
384 505 791 505 663 505 1420 505 
84 894 
795 599 812 599 17 599 
794 599 829 599 294 599 
1102 778 797 778 321 778 347 778 
348 561 796 561 713 561 941 561 
1117 332 628 332 191 332 1487 332 
338 517 
877 1002 1184 1002 454 1002 1242 1002 
584 490 581 490 838 490 802 490 
570 497 1199 497 668 497 801 497 
1292 488 572 488 891 488 
513 608 
441 1004 513 1004 1360 1004 
1188 311 807 311 887 311 108 311 
806 179 
168 436 202 436 259 436 
338 652 226 652 1114 652 1236 652 
811 912 698 912 420 912 
1221 225 507 225 810 225 
829 135 1197 135 794 135 
409 423 304 423 592 423 679 423 
1335 563 278 563 1265 563 
479 20 238 20 349 20 
1418 785 817 785 969 785 
816 1290 
393 430 1140 430 1417 430 819 430 
818 324 860 324 258 324 
1308 3002 821 3002 996 3002 
820 830 825 830 966 830 
1471 832 823 832 618 832 
1036 150 822 150 246 150 861 150 
739 604 684 604 350 604 
931 1626 930 1626 821 1626 
1044 727 612 727 755 727 
1178 1156 521 1156 891 1156 16 1156 
909 438 746 438 875 438 
812 135 795 135 1525 135 
188 89 63 89 691 89 885 89 
832 292 1302 292 1164 292 1215 292 
831 292 1405 292 1216 292 
834 941 1113 941 
1113 838 1347 838 833 838 
885 397 64 397 321 397 
1334 587 281 587 185 587 
567 320 199 320 838 320 1359 320 
200 491 837 491 801 491 
1000 165 86 165 619 165 1028 165 
879 5707 478 5707 477 5707 
1275 565 69 565 
301 362 564 362 174 362 
844 920 
886 370 843 370 180 370 282 370 
1046 356 1090 356 480 356 
649 422 514 422 
941 1409 141 1409 1269 1409 
1224 259 1510 259 554 259 602 259 
503 839 
1208 1585 851 1585 575 1585 
223 2983 1079 2983 236 2983 850 2983 
434 819 
747 562 861 562 854 562 
853 1075 1356 1075 886 1075 776 1075 
724 949 1085 949 1026 949 856 949 
1265 830 742 830 855 830 
1489 192 692 192 662 192 
859 1564 
135 879 858 879 1196 879 
1131 157 259 157 168 157 819 157 
618 364 853 364 823 364 
1442 809 863 809 524 809 
1543 986 862 986 868 986 
746 843 1343 843 875 843 
292 1349 190 1349 351 1349 
320 1157 1088 1157 651 1157 
546 249 395 249 53 249 
658 1214 863 1214 597 1214 
1188 624 435 624 373 624 
218 366 316 366 31 366 779 366 
559 794 1156 794 1270 794 
1425 228 95 228 666 228 
1296 1062 1512 1062 664 1062 
1040 894 974 894 737 894 
1532 94 828 94 864 94 318 94 
514 1483 634 1483 330 1483 
800 1002 1149 1002 40 1002 771 1002 
143 717 346 717 879 717 
840 5707 878 5707 
118 924 498 924 649 924 
1167 149 1518 149 882 149 
881 1106 
1385 974 215 974 1167 974 
1323 301 688 301 
835 397 326 397 752 397 830 397 
844 370 179 370 854 370 973 370 
368 340 109 340 806 340 1485 340 
1126 150 1496 150 1448 150 655 150 
1022 488 1194 488 201 488 
1074 1007 724 1007 34 1007 
1177 478 827 478 803 478 
687 336 
499 752 1143 752 1524 752 
721 1393 895 1393 1185 1393 
1338 221 894 221 682 221 
129 1235 743 1235 897 1235 101 1235 
278 792 896 792 130 792 1495 792 
379 1924 1522 1924 458 1924 
934 710 1107 710 167 710 1256 710 
209 384 
100 552 
386 953 1481 953 791 953 
1259 26 239 26 228 26 78 26 
1162 377 485 377 756 377 
1317 702 35 702 1299 702 
1070 339 89 339 1227 339 
703 522 1315 522 908 522 
623 115 907 115 416 115 
344 1769 828 1769 611 1769 153 1769 
1129 1970 137 1970 223 1970 
367 2303 1149 2303 536 2303 182 2303 
1347 180 149 180 
117 1369 914 1369 360 1369 
1321 1366 26 1366 913 1366 1417 1366 
650 113 653 113 916 113 
985 1422 915 1422 1010 1422 1089 1422 
358 747 1040 747 974 747 918 747 
261 426 917 426 1464 426 1249 426 
59 1176 
446 334 922 334 197 334 
197 504 15 504 922 504 198 504 
1116 752 920 752 521 752 921 752 
1025 890 596 890 337 890 1125 890 
112 305 1362 305 
222 1064 
1060 32 1447 32 671 32 
718 764 81 764 154 764 699 764 
1481 201 1245 201 932 201 370 201 
152 107 
778 315 825 315 931 315 
825 1626 930 1626 1286 1626 
766 2212 928 2212 1481 2212 265 2212 
444 211 1256 211 934 211 631 211 
899 710 530 710 933 710 165 710 
587 300 193 300 118 300 280 300 
291 744 94 744 776 744 
678 925 1312 925 938 925 
970 3125 937 3125 531 3125 
940 302 1002 302 605 302 
939 302 999 302 619 302 
1102 759 1124 759 847 759 797 759 
532 314 1049 314 511 314 
597 456 944 456 
690 435 945 435 943 435 1332 435 
675 544 944 544 130 544 
8 872 320 872 
276 818 1514 818 248 818 1468 818 
730 987 
595 447 
640 601 672 601 951 601 
518 530 952 530 950 530 
519 530 1516 530 641 530 951 530 
670 273 
1386 1226 1149 1226 121 1226 1388 1226 
266 1841 
617 445 85 445 957 445 
956 1720 
1141 185 959 185 1142 185 
732 379 1283 379 958 379 1419 379 
465 957 1243 957 349 957 241 957 
998 454 1304 454 554 454 
490 381 239 381 78 381 
1112 687 964 687 1440 687 
1337 293 1372 293 600 293 963 293 
249 394 
967 598 821 598 
215 795 966 795 1363 795 
1217 1394 969 1394 394 1394 
968 283 1316 283 816 283 
938 3125 475 3125 615 3125 
1360 742 786 742 591 742 759 742 
468 126 1356 126 973 126 
1371 274 886 274 972 274 469 274 
874 370 917 370 66 370 
1495 643 343 643 1037 643 129 643 
388 1115 1120 1115 389 1115 
632 364 
979 43 
978 43 158 43 1081 43 
374 1181 1188 1181 981 1181 1153 1181 
368 412 528 412 980 412 57 412 
983 904 
1010 294 991 294 982 294 
722 1016 1152 1016 1494 1016 
719 1148 916 1148 1239 1148 
107 575 1359 575 
386 291 789 291 
1340 1668 989 1668 407 1668 
1151 2941 988 2941 
1506 536 558 536 740 536 
1136 726 983 726 119 726 
1086 395 551 395 172 395 1365 395 
685 526 1422 526 502 526 213 526 
468 911 
640 399 1280 399 642 399 1086 399 
478 1802 820 1802 216 1802 
1063 755 1065 755 1008 755 525 755 
1083 321 961 321 83 321 
111 955 940 955 1000 955 
839 165 87 165 999 165 
1137 1044 175 1044 1011 1044 
1327 224 939 224 1341 224 619 224 
1178 455 189 455 62 455 1004 455 
745 722 1003 722 1148 722 
1214 312 199 312 1006 312 1302 312 
1176 360 1005 360 200 360 217 360 
701 732 1500 732 1119 732 604 732 
1009 702 1024 702 997 702 1064 702 
1008 702 709 702 196 702 73 702 
983 294 650 294 916 294 
615 804 1001 804 1311 804 
481 517 1355 517 97 517 177 517 
1014 359 
495 443 560 443 1013 443 
159 255 
1270 539 1017 539 
1147 428 1016 428 1156 428 413 428 
767 1276 255 1276 63 1276 544 1276 
1357 858 780 858 1242 858 
549 469 178 469 48 469 234 469 
1022 605 258 605 1194 605 
889 488 1021 488 259 488 202 488 
1064 546 1121 546 1024 546 
717 410 1008 410 1023 410 
923 890 1205 890 1026 890 
855 266 1125 266 1025 266 
561 203 726 203 606 203 
839 613 
1346 661 610 661 372 661 
1273 23 209 23 1031 23 1067 23 
1482 492 1030 492 740 492 
300 261 1255 261 1033 261 
1032 865 
99 159 197 159 1035 159 
1034 1089 
823 150 
233 710 342 710 975 710 
146 471 411 471 1039 471 
147 496 1038 496 483 496 
874 894 1041 894 917 894 1249 894 
1040 324 680 324 1207 324 
1088 442 267 442 1186 442 
323 287 457 287 279 287 
826 727 1118 727 1045 727 1406 727 
1542 953 1407 953 1044 953 582 953 
479 339 845 339 1499 339 349 339 
700 331 523 331 56 331 
1484 157 521 157 1262 157 687 157 
533 368 456 368 942 368 765 368 
731 2198 51 2198 1479 2198 
1052 1100 1275 1100 425 1100 
1051 1100 
1299 948 1054 948 
1053 220 1538 220 255 220 588 220 
1056 427 1057 427 44 427 
1055 427 
697 767 1055 767 1378 767 
101 1170 1366 1170 1059 1170 
1155 596 571 596 1058 596 
926 32 1061 32 172 32 
1060 383 
1069 821 1146 821 166 821 467 821 
997 755 1064 755 167 755 
1023 546 1063 546 1008 546 
997 517 709 517 1181 517 
391 442 1400 442 25 442 359 442 
451 627 646 627 210 627 1030 627 
1160 923 526 923 1069 923 
1062 821 1068 821 1098 821 1152 821 
906 339 1180 339 689 339 
1110 1210 1375 1210 1072 1210 128 1210 
1071 190 1354 190 41 190 
1448 232 624 232 648 232 
890 1007 1107 1007 341 1007 
1076 329 325 329 741 329 583 329 
1075 329 1257 329 1166 329 1165 329 
1078 542 1254 542 289 542 
1373 810 1077 810 742 810 
1483 853 851 853 497 853 496 853 
688 317 1081 317 158 317 1323 317 
689 322 1080 322 979 322 
453 1014 767 1014 1316 1014 356 1014 
998 321 1387 321 24 321 
1085 525 565 525 1309 525 
1084 525 855 525 1309 525 
992 395 615 395 552 395 995 395 
1097 2874 37 2874 712 2874 669 2874 
334 3938 1042 3938 866 3938 
719 659 653 659 916 659 
1277 107 845 107 
1092 264 
340 231 774 231 1091 231 
1094 714 
1163 300 1093 300 1095 300 
1094 821 
1409 1080 640 1080 1365 1080 
680 120 1087 120 1098 120 
1069 586 1097 586 
1100 968 436 968 1113 968 
1099 968 1101 968 617 968 1347 968 
618 646 1100 646 437 646 
796 778 941 778 1103 778 579 778 
1104 531 1102 531 1339 531 
1124 641 1114 641 1103 641 
731 146 1106 146 516 146 
1362 130 1362 130 516 130 1105 130 
899 757 1074 757 34 757 525 757 
417 980 706 980 702 980 418 980 
1396 1097 417 1097 1123 1097 310 1097 
1444 832 1071 832 736 832 
138 1014 1112 1014 754 1014 643 1014 
1255 1056 963 1056 1111 1056 324 1056 
834 838 833 838 1099 838 
1236 1009 1104 1009 809 1009 
328 290 262 290 231 290 
189 446 1410 446 922 446 687 446 
798 332 1424 332 541 332 190 332 
1044 1331 481 1331 1191 1331 612 1331 
760 1009 1007 1009 372 1009 
976 104 738 104 1376 104 
432 569 382 569 1023 569 717 569 
293 1486 1229 1486 353 1486 
630 1731 309 1731 1109 1731 733 1731 
1104 641 941 641 141 641 338 641 
131 861 923 861 1026 861 
888 150 1322 150 396 150 395 150 
1128 448 783 448 585 448 
1301 367 1127 367 414 367 
910 1970 
426 509 537 509 70 509 
860 157 1426 157 
1133 440 1254 440 198 440 
1132 440 194 440 1155 440 1209 440 
6 168 645 168 1506 168 
366 872 645 872 125 872 725 872 
1434 1278 991 1278 649 1278 
1266 1172 1001 1172 
160 265 592 265 759 265 1312 265 
21 414 112 414 1255 414 
818 558 1301 558 1294 558 783 558 
958 185 652 185 380 185 375 185 
1470 704 1273 704 652 704 958 704 
1144 922 893 922 1382 922 
1143 922 405 922 1244 922 764 922 
1146 822 
1062 280 1145 280 1213 280 
1017 428 169 428 414 428 
1408 702 62 702 1472 702 1004 702 
877 1320 954 1320 911 1320 
785 977 
1159 1930 1413 1930 989 1930 
423 1504 1069 1504 984 1504 
1537 70 1277 70 1528 70 980 70 
517 80 530 80 1200 80 1220 80 
1059 596 195 596 1133 596 1366 596 
1439 428 871 428 1017 428 
1439 1004 666 1004 168 1004 
148 1616 
1151 1930 1259 1930 764 1930 465 1930 
1068 923 1161 923 
462 337 424 337 1160 337 
904 377 153 377 755 377 
1094 300 603 300 
1526 202 1176 202 831 202 
1166 683 1336 683 1076 683 
1076 535 583 535 1165 535 
881 149 1435 149 1168 149 883 149 
1167 970 
1225 568 737 568 340 568 
1233 591 1506 591 124 591 558 591 
574 607 103 607 94 607 
1173 1343 
1288 331 1172 331 1289 331 
495 315 
1383 248 1496 248 3 248 1448 248 
1006 360 1302 360 1164 360 
1491 467 1342 467 891 467 1401 467 
1262 566 1003 566 1401 566 827 566 
65 296 683 296 357 296 
688 452 1070 452 97 452 1438 452 
1065 812 
603 94 
74 279 613 279 1462 279 
105 1469 40 1469 800 1469 104 1469 
601 1294 894 1294 761 1294 
216 1086 1187 1086 1042 1086 
284 1414 1186 1414 268 1414 
806 311 980 311 869 311 1189 311 
368 273 1188 273 
43 43 394 43 
611 949 1206 949 1118 949 
535 508 46 508 439 508 1193 508 
243 510 104 510 1192 510 
889 622 1021 622 392 622 
1196 1001 
859 1205 1195 1205 1535 1205 
1525 129 812 129 1198 129 
1535 329 1197 329 
581 439 690 439 1332 439 802 439 
738 181 1154 181 1201 181 
1200 92 1231 92 1220 92 
625 740 
71 668 21 668 1204 668 
1351 702 656 702 708 702 1203 702 
221 586 33 586 1025 586 
1191 73 
1330 886 1041 886 
850 1585 236 1585 576 1585 
1254 541 1133 541 743 541 
157 530 331 530 
1212 1004 
610 203 1211 203 1383 203 
389 178 1146 178 
1005 312 568 312 1503 312 1215 312 
1302 216 831 216 1214 216 1216 216 
832 424 1540 424 1234 424 1215 424 
968 1394 248 1394 422 1394 
496 1105 
677 523 
529 147 677 147 1154 147 1201 147 
811 225 508 225 436 225 
144 831 
1387 675 1467 675 1463 675 463 675 
848 259 
1258 831 1169 831 1283 831 
340 676 702 676 1258 676 
1407 1489 1505 1489 906 1489 1438 1489 
1524 846 500 846 733 846 
1230 1618 1421 1618 1122 1618 
1229 1618 1421 1618 626 1618 
1482 598 1201 598 1232 598 
1231 703 558 703 1233 703 
1170 591 631 591 1511 591 1232 591 
1216 515 595 515 
757 344 494 344 1274 344 
1114 1009 633 1009 809 1009 
761 859 
277 421 
985 106 429 106 
1411 893 163 893 576 893 
481 528 
120 89 1512 89 800 89 1019 89 
406 849 733 849 309 849 960 849 
1144 1621 
928 280 
1271 570 1379 570 1247 570 252 570 
1246 198 
450 507 596 507 11 507 231 507 
1040 956 918 956 
566 1154 545 1154 768 1154 
45 694 455 694 75 694 670 694 
722 998 
373 512 667 512 1480 512 
1132 470 1209 470 1077 470 98 470 
1112 1056 1139 1056 1032 1056 
933 898 206 898 899 898 
1076 295 741 295 620 295 312 295 
1225 831 707 831 1226 831 
1159 24 1414 24 903 24 238 24 
1261 1409 
158 41 1260 41 332 41 
1178 566 1310 566 189 566 1048 566 
715 941 
616 1337 
856 830 1309 830 277 830 814 830 
1137 1172 346 1172 
1300 1654 121 1654 1475 1654 
536 621 426 621 
713 952 364 952 847 952 
1279 542 1016 542 1460 542 871 542 
1246 570 
660 406 573 406 29 406 
1419 778 1142 778 1030 778 646 778 
1275 1745 495 1745 1235 1745 
841 565 1051 565 1274 565 
638 956 112 956 708 956 
374 381 1090 381 684 381 1153 381 
114 983 
1270 542 1344 542 585 542 
995 397 1281 397 1431 397 
161 350 1280 350 362 350 642 350 
747 1170 
959 789 1225 789 1284 789 
1283 803 
654 1932 719 1932 1286 1932 1287 1932 
931 321 1285 321 
449 1779 333 1779 1285 1779 
1173 331 345 331 
1173 499 
427 1136 361 1136 641 1136 1291 1136 
441 805 1290 805 1402 805 
1342 285 803 285 317 285 
757 742 494 742 1460 742 
1140 808 
713 396 
873 1062 1297 1062 663 1062 
1296 333 1512 333 370 333 
91 191 
1053 948 269 948 905 948 
771 332 120 332 1267 332 
1426 365 1128 365 1140 365 
1215 216 1176 216 831 216 1005 216 
105 167 39 167 665 167 
961 548 1305 548 
1387 750 1467 750 270 750 1304 750 
442 1836 
1490 801 71 801 1394 801 
477 1704 820 1704 
1265 194 1084 194 1085 194 
1262 60 
175 1888 552 1888 1011 1888 
1313 295 679 295 937 295 1138 295 
1312 295 471 295 
69 2629 523 2629 1504 2629 485 2629 
703 1096 907 1096 408 1096 
1317 136 969 136 1437 136 1082 136 
1316 136 905 136 1392 136 
469 951 710 951 750 951 
529 1087 
307 475 562 475 586 475 
914 1366 783 1366 699 1366 117 1366 
1126 208 
884 301 157 301 1080 301 
164 675 564 675 1325 675 301 675 
1324 1327 
635 359 
1002 224 312 224 620 224 
1329 1109 
189 111 1328 111 61 111 
1207 886 
376 307 676 307 343 307 782 307 
1199 422 570 422 676 422 944 422 
560 76 
836 587 19 587 659 587 186 587 
814 563 742 563 
411 909 606 909 1165 909 
964 293 
895 221 683 221 403 221 
578 139 1103 139 
1536 817 988 817 
1002 412 
1292 285 318 285 1177 285 1343 285 
864 397 1342 397 745 397 1401 397 
522 1589 1279 1589 784 1589 
667 1998 504 1998 1389 1998 
3 337 371 337 1029 337 
834 169 912 169 1100 169 
9 2210 
137 1012 1350 1012 726 1012 
1349 1183 
1394 156 1204 156 1520 156 
329 687 
515 172 607 172 
1072 933 
1012 1462 
854 716 691 716 972 716 152 716 
1019 858 1358 858 
1420 456 664 456 1357 456 
1455 343 1517 343 837 343 986 343 
971 742 805 742 
1539 266 398 266 244 266 
1106 130 1106 130 924 130 
333 2388 1364 2388 967 2388 
1363 930 
1476 1045 992 1045 1096 1045 
743 586 1058 586 1155 586 
320 345 651 345 
1369 444 1497 444 1377 444 1439 444 
1368 444 
358 442 
973 274 
964 397 
1078 810 
33 556 
728 117 1071 117 736 117 
680 1415 1428 1415 1120 1415 
666 1293 1450 1293 1368 1293 
44 932 1399 932 1057 932 156 932 
1541 347 1246 347 778 347 251 347 
291 270 
1382 1463 
1531 1040 1381 1040 1143 1040 
1175 248 1520 248 1212 248 
497 23 
883 974 
954 1226 1388 1226 536 1226 
1305 750 1223 750 744 750 1083 750 
625 1374 1386 1374 954 1374 
1345 1041 229 1041 1412 1041 
279 739 
566 486 578 486 545 486 
35 675 697 675 1317 675 
427 240 400 240 1488 240 
1351 156 1307 156 1440 156 
1396 552 
1395 552 1109 552 1430 552 
524 775 1544 775 657 775 
1399 222 
1398 222 155 222 1498 222 1378 222 
1477 353 1066 353 80 353 
1433 68 1178 68 1343 68 1177 68 
512 1001 445 1001 1291 1001 
218 417 
184 1317 
832 440 
1407 1009 1438 1009 1044 1009 
1406 1009 1227 1009 1045 1009 
1148 702 745 702 1477 702 
1096 1080 
1116 564 
1240 893 173 893 
228 688 1413 688 1389 688 
1414 727 1151 727 1412 727 
228 27 1413 27 1259 27 
1416 438 
37 829 1415 829 1464 829 
818 369 622 369 914 369 
816 785 
1273 778 1482 778 959 778 
1421 655 1358 655 792 655 
384 609 1420 609 1230 609 1229 609 
684 526 993 526 501 526 
751 178 1464 178 1498 178 
1117 477 693 477 351 477 
872 228 
1301 365 414 365 169 365 1131 365 
4 367 1521 367 1430 367 
1376 1422 
455 1675 
1396 574 1427 574 417 574 
475 828 1280 828 1466 828 
417 218 706 218 375 218 
1401 68 
1136 1278 
1167 950 
791 1038 
43 206 1316 206 
1406 1420 1227 1420 1180 1420 
1157 1004 1156 1004 1368 1004 
963 499 1394 499 
1442 740 
862 809 1441 809 658 809 
260 1083 
1110 832 42 832 1445 832 
1444 328 
589 230 1498 230 261 230 
275 1252 299 1252 926 1252 173 1252 
888 498 1073 498 1175 498 
242 598 283 598 
181 111 367 111 1377 111 
268 1383 
436 784 508 784 1519 784 
95 760 
635 369 
1359 343 1486 343 567 343 
636 161 
636 240 
468 262 
290 307 
1270 486 1293 486 
1462 492 
1461 492 50 492 1183 492 635 492 
589 745 464 745 1223 745 
1423 999 1416 999 918 999 
300 545 
1431 1134 
589 344 1305 344 1223 344 
947 181 
437 1175 
1142 704 
822 832 788 832 617 832 
391 658 1477 658 1148 658 
146 906 208 906 10 906 
447 928 
1267 339 
1365 1045 
1400 353 153 353 1408 353 1472 353 
786 238 
1050 296 
490 511 1253 511 79 511 1527 511 
928 201 902 201 932 201 
1419 20 1231 20 1031 20 557 20 
1079 853 
1048 157 
369 431 887 431 657 431 
1455 309 
798 560 
419 534 428 534 637 534 1393 534 
541 19 857 19 692 19 
1307 801 
1177 467 
19 390 
608 1741 
166 825 984 825 
975 643 897 643 377 643 
888 339 656 339 1175 339 
1368 400 
1423 245 1446 245 1399 245 
1046 610 
1007 1157 418 1157 372 1157 
484 660 
196 760 
1214 101 
1314 1351 
1227 1000 
990 536 1170 536 1134 536 
387 714 
345 789 616 789 
85 1694 
848 552 
509 960 1233 960 
1297 1195 1242 1195 873 1195 
123 411 
947 315 
161 710 
952 314 
1359 239 
881 937 
1452 56 
1383 1022 1351 1022 656 1022 
1427 988 
898 1532 
57 368 
1228 846 405 846 893 846 
1197 129 829 129 
1164 202 
1480 456 
1153 726 
469 250 
771 847 
1382 1040 
875 94 
1534 875 407 875 
1533 875 
1198 329 1536 329 1196 329 
1340 817 1535 817 135 817 
1153 70 
1054 91 
1361 266 
1216 95 
1379 347 
1045 953 
863 986 567 986 727 986 
1397 1291 
